0 506 shapefile id1
1 24 3.04179223485148
1 25 3.18001572323202
1 28 3.07668652936929
1 29 2.78179797972528
1 30 2.56976652636079
1 31 2.83677633943911
1 32 2.49721845259933
1 33 2.77108282084827
1 34 3.07546744414633
1 35 2.64594028655243
2 3 1.25717938258615
2 7 1.55974356866791
2 14 1.29865314845822
2 26 1.22711042697874
2 27 0.800999375780041
2 28 0.98183501669066
2 29 1.01607086367022
2 30 1.06569226327253
2 31 1.70038230995272
2 32 1.68999999999987
3 2 1.25717938258615
3 4 1.28471786786062
3 5 2.02625269894899
3 7 1.55051604312905
3 26 2.31553449553229
3 27 2.00092478619257
3 28 1.96002551003805
3 29 1.76400113378649
3 30 1.35771867483648
3 32 2.42441745580253
4 2 1.90420587122307
4 3 1.28471786786062
4 5 0.750066663703427
4 6 1.54932243254898
4 7 0.788162419809531
4 8 2.04834079195808
4 9 2.15034880891439
4 10 2.56007812380743
4 13 2.38321211812952
4 30 2.51978173657951
5 2 2.580891318905
5 3 2.02625269894899
5 4 0.750066663703427
5 6 0.802122185206644
5 7 1.15351636312616
5 8 1.84718705062633
5 9 1.79493732481164
5 10 2.07870151777520
5 11 2.26291846958783
5 13 2.54960781297849
6 3 2.82837409124036
6 4 1.54932243254898
6 5 0.802122185206644
6 7 1.78101094887132
6 8 1.86077940659283
6 9 1.62542302186233
6 10 1.68807582768047
6 11 2.02410474037278
6 12 2.68754534845458
6 62 2.84114413573068
7 2 1.55974356866791
7 3 1.55051604312905
7 4 0.788162419809531
7 5 1.15351636312616
7 6 1.78101094887132
7 8 1.45344418537468
7 9 1.68344884092137
7 10 2.18961183774605
7 11 2.11400094607326
7 13 1.59665274872138
8 5 1.84718705062633
8 7 1.45344418537468
8 9 0.434165866921862
8 10 0.969999999999734
8 11 0.69892775020013
8 12 0.940319094775775
8 13 1.19616052434448
8 48 1.54149278298656
8 49 1.60589538887190
8 50 1.71840041899404
9 5 1.79493732481164
9 6 1.62542302186233
9 7 1.68344884092137
9 8 0.434165866921862
9 10 0.556057550977982
9 11 0.474341649025077
9 12 1.06230880632700
9 13 1.62692962355479
9 49 1.8792551716039
9 62 1.74427635425060
10 5 2.07870151777520
10 6 1.68807582768047
10 8 0.969999999999734
10 9 0.556057550977982
10 11 0.49010203019367
10 12 1.23794184031399
10 50 2.00569190056692
10 60 1.99922484978568
10 62 1.28097619025466
10 63 1.87968082397007
11 8 0.69892775020013
11 9 0.474341649025077
11 10 0.49010203019367
11 12 0.751332150250501
11 13 1.72884354410684
11 48 1.77485210651487
11 49 1.65245272247049
11 50 1.53941547348326
11 60 1.82989070711883
11 62 1.34406101051954
12 8 0.940319094775775
12 9 1.06230880632700
12 10 1.23794184031399
12 11 0.751332150250501
12 13 1.35506457410712
12 48 1.10923396990917
12 49 0.910878696644093
12 50 0.818352002502373
12 60 1.69858764860678
12 62 1.64073154415910
13 7 1.59665274872138
13 8 1.19616052434448
13 9 1.62692962355479
13 11 1.72884354410684
13 12 1.35506457410712
13 46 1.78241409330154
13 47 1.16558997936658
13 48 0.827647267861951
13 49 1.20784932835192
13 50 1.65193825550436
14 2 1.29865314845822
14 15 0.829759001156333
14 16 1.01138518873871
14 18 1.35624481565829
14 25 1.21490740387931
14 26 0.89022469073857
14 27 0.682422156733233
14 28 1.12271991164353
14 29 1.46413797164077
14 31 1.45986300727208
15 14 0.829759001156333
15 16 0.864060183089094
15 18 0.542309874518264
15 22 1.06212052046873
15 23 0.997647232242047
15 24 0.895600357302624
15 25 0.63568860301285
15 26 0.738241153011822
15 27 1.02019605958854
15 31 0.980866963456804
16 14 1.01138518873871
16 15 0.864060183089094
16 17 0.996443676280575
16 18 1.01118742080783
16 22 1.52108513897200
16 23 1.67430582630541
16 25 1.49856598119700
16 26 1.51644320698164
16 27 1.59154013458683
16 46 1.53287311934138
17 14 1.98539668580347
17 15 1.77654158408937
17 16 0.996443676280575
17 18 1.67343957166031
17 19 1.83926615800931
17 22 1.99278699313302
17 23 2.30846269192254
17 38 1.94000000000012
17 46 1.55080624192727
17 47 2.06189233472551
18 15 0.542309874518264
18 16 1.01118742080783
18 21 0.997647232242047
18 22 0.556057550978736
18 23 0.67067130548436
18 24 0.78892331693288
18 25 0.810061726043285
18 31 1.12614386292368
18 33 1.05990565617953
18 34 1.00975244490915
19 18 1.22576506721317
19 20 0.657343137181951
19 21 0.96426137535430
19 22 0.880738326632955
19 23 1.29973074134611
19 24 1.65677397372132
19 34 1.29849913361542
19 36 1.5163772617664
19 37 1.55871742147218
19 38 1.05095194942461
20 18 1.16000000000015
20 19 0.657343137181951
20 21 0.378549864614943
20 22 0.616116872029783
20 23 0.87965902484999
20 24 1.24579292019179
20 33 1.31855982041020
20 34 0.728010988927991
20 35 1.06400187969780
20 36 1.30096118312615
21 18 0.997647232242047
21 19 0.96426137535430
21 20 0.378549864614943
21 22 0.458802789877793
21 23 0.542309874518264
21 24 0.892692556258836
21 25 1.27769323391799
21 33 0.942602779541882
21 34 0.351140997321536
21 35 0.737563556583747
22 18 0.556057550978736
22 19 0.880738326632955
22 20 0.616116872029783
22 21 0.458802789877793
22 23 0.435660418215613
22 24 0.77794601355101
22 25 1.05118980208145
22 33 0.957183368012747
22 34 0.594642749892257
22 35 1.05948100502086
23 18 0.67067130548436
23 20 0.87965902484999
23 21 0.542309874518264
23 22 0.435660418215613
23 24 0.370135110466445
23 25 0.735391052433919
23 31 0.860232526704287
23 33 0.521536192416562
23 34 0.371214223865354
23 35 0.770259696466504
24 18 0.78892331693288
24 21 0.892692556258836
24 22 0.77794601355101
24 23 0.370135110466445
24 25 0.424499705535799
24 31 0.490102030193727
24 32 0.785493475466223
24 33 0.278926513620048
24 34 0.627694193058878
24 35 0.854224794770277
25 15 0.63568860301285
25 18 0.810061726043285
25 23 0.735391052433919
25 24 0.424499705535799
25 26 0.506063237155198
25 27 0.996242942258523
25 28 0.794040301244226
25 31 0.349857113690878
25 32 0.716100551598677
25 33 0.609261848469484
26 14 0.89022469073857
26 15 0.738241153011822
26 24 0.92417530804494
26 25 0.506063237155198
26 27 0.495782210249577
26 28 0.389101529166927
26 29 0.726223106214494
26 31 0.608358446970366
26 32 0.83024092888744
26 33 1.05759160359784
27 2 0.800999375780041
27 14 0.682422156733233
27 15 1.02019605958854
27 25 0.996242942258523
27 26 0.495782210249577
27 28 0.500399840127871
27 29 0.805232885567646
27 30 1.23146254510603
27 31 1.08226614102086
27 32 1.22380554010825
28 2 0.98183501669066
28 14 1.12271991164353
28 15 1.12712022428863
28 25 0.794040301244226
28 26 0.389101529166927
28 27 0.500399840127871
28 29 0.356089876295079
28 30 0.880056816347376
28 31 0.718679344353307
28 32 0.756637297520953
29 2 1.01607086367022
29 24 1.323064624272
29 25 1.02961157724644
29 26 0.726223106214494
29 27 0.805232885567646
29 28 0.356089876295079
29 30 0.545618914628062
29 31 0.836002392341102
29 32 0.701783442380948
29 33 1.30080744155329
30 2 1.06569226327253
30 3 1.35771867483648
30 25 1.56320184237342
30 26 1.26479247309567
30 27 1.23146254510603
30 28 0.880056816347376
30 29 0.545618914628062
30 31 1.32740348048354
30 32 1.08903627120498
30 33 1.7441330224499
31 15 0.980866963456804
31 23 0.860232526704287
31 24 0.490102030193727
31 25 0.349857113690878
31 26 0.608358446970366
31 28 0.718679344353307
31 29 0.836002392341102
31 32 0.368781778291528
31 33 0.493963561409267
31 34 1.07563934476187
32 23 1.14017542509921
32 24 0.785493475466223
32 25 0.716100551598677
32 26 0.83024092888744
32 28 0.756637297520953
32 29 0.701783442380948
32 30 1.08903627120498
32 31 0.368781778291528
32 33 0.660302960768778
32 35 1.21461928191522
33 21 0.942602779541882
33 22 0.957183368012747
33 23 0.521536192416562
33 24 0.278926513620048
33 25 0.609261848469484
33 26 1.05759160359784
33 31 0.493963561409267
33 32 0.660302960768778
33 34 0.612045749923928
33 35 0.672086303981689
34 18 1.00975244490915
34 20 0.728010988927991
34 21 0.351140997321536
34 22 0.594642749892257
34 23 0.371214223865354
34 24 0.627694193058878
34 25 1.04623133197187
34 31 1.07563934476187
34 33 0.612045749923928
34 35 0.464865571967271
35 20 1.06400187969780
35 21 0.737563556583747
35 22 1.05948100502086
35 23 0.770259696466504
35 24 0.854224794770277
35 25 1.26194294641254
35 31 1.15624391890292
35 32 1.21461928191522
35 33 0.672086303981689
35 34 0.464865571967271
36 19 1.5163772617664
36 20 1.30096118312615
36 21 1.56588633048539
36 22 1.91637678967385
36 34 1.81892825586963
36 35 1.86868938028773
36 37 0.82619610262951
36 38 1.86271307506029
36 120 1.88904737897146
36 496 1.91062816895333
37 19 1.55871742147218
37 20 1.68869772309912
37 21 2.04298800779645
37 36 0.82619610262951
37 38 1.37786066058937
37 39 1.75025712396803
37 91 1.83447540185198
37 118 2.1865269264289
37 120 1.79568928269877
37 496 2.20537978588684
38 17 1.94000000000012
38 18 2.15127868952395
38 19 1.05095194942461
38 20 1.65239220525850
38 21 1.99972498109086
38 22 1.91718543704042
38 34 2.34273344621158
38 36 1.86271307506029
38 37 1.37786066058937
38 39 1.31745967680233
39 19 2.33122285506976
39 36 2.54566297847966
39 37 1.75025712396803
39 38 1.31745967680233
39 87 2.22301596935356
39 88 1.57714932710884
39 89 2.01853907566829
39 90 1.55862118553561
39 91 1.90968583803708
39 92 2.56961086548169
40 17 2.68471599987770
40 38 3.0348805577815
40 39 2.89171229550908
40 41 1.85456194288571
40 42 2.54880364092652
40 43 1.42200562586816
40 44 3.15545559309582
40 85 2.5500196077678
40 86 3.37094942115718
40 87 1.87387299462881
41 40 1.85456194288571
41 42 2.46531945191693
41 43 2.22272355456089
41 66 2.63856021345028
41 82 3.36808550960337
41 83 3.10452894977649
41 84 2.40052077683138
41 85 2.12000000000016
41 86 3.12865785921049
41 87 2.12132034355910
42 40 2.54880364092652
42 41 2.46531945191693
42 43 1.28097619025466
42 44 2.51246890528035
42 45 3.61199390918631
42 46 4.00281151192486
42 52 3.40154376717398
42 53 3.98647714153752
42 54 2.29993478168405
42 66 3.55508087109154
43 17 3.07043970792475
43 40 1.42200562586816
43 41 2.22272355456089
43 42 1.28097619025466
43 44 2.10009523593577
43 45 3.01532751123325
43 46 3.07405269961331
43 47 3.60147192131239
43 54 2.95584167370292
43 87 3.21099672998884
44 43 2.10009523593577
44 45 1.11758668567556
44 46 1.84743064822422
44 47 2.08062490612790
44 48 2.17407451574225
44 49 2.02684483865909
44 50 2.09296440485736
44 51 2.46418343473050
44 52 2.00848201386017
44 54 2.0900239233082
45 12 1.94041232731602
45 13 1.82521231641690
45 44 1.11758668567556
45 46 1.12924753707941
45 47 1.07517440445764
45 48 1.07424392015987
45 49 1.03310212467110
45 50 1.31244047484056
45 51 2.32800343642331
45 52 2.38901653405694
46 13 1.78241409330154
46 14 1.84715998224281
46 16 1.53287311934138
46 17 1.55080624192727
46 44 1.84743064822422
46 45 1.12924753707941
46 47 0.620322496770851
46 48 1.47472031246589
46 49 1.75570498660794
46 50 2.22029277348706
47 12 2.0342074623796
47 13 1.16558997936658
47 14 1.71999999999935
47 16 1.76672012497682
47 17 2.06189233472551
47 45 1.07517440445764
47 46 0.620322496770851
47 48 0.932308961664505
47 49 1.29726635661335
47 50 1.81011049386497
48 8 1.54149278298656
48 9 1.89264365372878
48 11 1.77485210651487
48 12 1.10923396990917
48 13 0.827647267861951
48 45 1.07424392015987
48 46 1.47472031246589
48 47 0.932308961664505
48 49 0.449110231458206
48 50 0.97082439194745
49 8 1.60589538887190
49 9 1.8792551716039
49 11 1.65245272247049
49 12 0.910878696644093
49 13 1.20784932835192
49 45 1.03310212467110
49 46 1.75570498660794
49 47 1.29726635661335
49 48 0.449110231458206
49 50 0.528015151297378
50 8 1.71840041899404
50 11 1.53941547348326
50 12 0.818352002502373
50 13 1.65193825550436
50 45 1.31244047484056
50 47 1.81011049386497
50 48 0.97082439194745
50 49 0.528015151297378
50 51 1.46768525236172
50 60 1.60962728605123
51 12 1.97524682001988
51 45 2.32800343642331
51 49 1.97496835417645
51 50 1.46768525236172
51 52 1.08673823895165
51 53 1.45399449792664
51 59 1.68514094366052
51 60 0.931450481775578
51 61 1.76400113378649
51 62 1.88042548376702
52 44 2.00848201386017
52 45 2.38901653405694
52 49 2.50297822603333
52 50 2.11539594402544
52 51 1.08673823895165
52 53 0.961509230325433
52 54 1.33154046127043
52 59 2.18936063726397
52 60 2.00743617582213
52 61 2.71737005209077
53 44 2.95677188839493
53 49 3.29438916948192
53 50 2.83693496576891
53 51 1.45399449792664
53 52 0.961509230325433
53 54 1.69649638962196
53 59 1.60049992189937
53 60 2.14515733688708
53 61 2.51435876517269
53 62 3.09187645290080
54 42 2.29993478168405
54 43 2.95584167370292
54 44 2.0900239233082
54 45 2.96978113671667
54 50 3.20220236712176
54 51 2.41660919471890
54 52 1.33154046127043
54 53 1.69649638962196
54 59 3.27470609368233
54 60 3.33880218042333
55 41 5.37447671871411
55 42 4.20556773812994
55 43 5.46575703814179
55 44 6.24446154604232
55 52 5.82134864099391
55 53 5.66296742000146
55 54 4.57564203145305
55 56 4.65790725540985
55 66 3.71227692932472
55 67 4.73753100253681
56 51 5.30377224247023
56 52 4.75236783088178
56 53 3.90006410203672
56 54 4.45892363693281
56 55 4.65790725540985
56 57 2.77994604264158
56 58 2.91384625538132
56 59 4.35652384361605
56 60 5.74358772893697
56 61 5.57280001435528
57 51 4.76538560874194
57 52 4.80916832726883
57 53 3.86256391532889
57 56 2.77994604264158
57 58 0.28284271247527
57 59 3.18449368032045
57 60 4.73228274725876
57 61 4.11098528336028
57 63 4.71830478032129
57 64 4.31019721126568
58 51 4.52452207420840
58 52 4.60895866763856
58 53 3.67164813128889
58 56 2.91384625538132
58 57 0.28284271247527
58 59 2.92441447130826
58 60 4.46659825818229
58 61 3.83220563122589
58 63 4.43549320820096
58 64 4.03923260038307
59 50 3.02274709494565
59 51 1.68514094366052
59 52 2.18936063726397
59 53 1.60049992189937
59 58 2.92441447130826
59 60 1.55823618235509
59 61 1.22588743365812
59 62 2.17267116702059
59 63 2.09880918618165
59 64 2.67529437632578
60 10 1.99922484978568
60 11 1.82989070711883
60 12 1.69858764860678
60 50 1.60962728605123
60 51 0.931450481775578
60 52 2.00743617582213
60 59 1.55823618235509
60 61 0.993227063666556
60 62 0.970978887515296
60 63 1.53052278650137
61 10 2.33019312504343
61 11 2.36516384210452
61 12 2.49721845259845
61 51 1.76400113378649
61 53 2.51435876517269
61 59 1.22588743365812
61 60 0.993227063666556
61 62 1.05019045891704
61 63 0.89498603341039
61 64 1.86868938028773
62 8 2.04298800779584
62 9 1.74427635425060
62 10 1.28097619025466
62 11 1.34406101051954
62 12 1.64073154415910
62 50 1.99672231419388
62 51 1.88042548376702
62 60 0.970978887515296
62 61 1.05019045891704
62 63 0.857029754442881
63 9 2.41660919471875
63 10 1.87968082397007
63 11 2.09403915913718
63 12 2.489277003469
63 51 2.44607849424337
63 59 2.09880918618165
63 60 1.53052278650137
63 61 0.89498603341039
63 62 0.857029754442881
63 64 1.38974817862807
64 9 3.66215783384591
64 10 3.10628395353697
64 11 3.41063044025587
64 12 3.87046508833234
64 51 3.63055092238084
64 59 2.67529437632578
64 60 2.79179153949574
64 61 1.86868938028773
64 62 2.24661968299068
64 63 1.38974817862807
65 6 6.51614149631504
65 10 6.53648988372211
65 57 6.61154293641076
65 58 6.43898283892716
65 59 6.4752220039162
65 60 6.75433194327906
65 61 5.83966608634437
65 62 6.08540877838141
65 63 5.27056922921994
65 64 3.97256843868044
66 41 2.63856021345028
66 42 3.55508087109154
66 43 4.20248735869617
66 55 3.71227692932472
66 67 2.14848784031940
66 68 3.83240133597727
66 82 3.87324153649166
66 83 2.80921697275268
66 84 3.27391203302709
66 85 4.16043266980808
67 41 4.51189538885874
67 55 4.73753100253681
67 66 2.14848784031940
67 68 2.49609695324535
67 69 3.50035712463750
67 70 4.46861276013078
67 81 4.94064773081476
67 82 4.16120174949573
67 83 2.94042513932985
67 84 4.05019752604738
68 66 3.83240133597727
68 67 2.49609695324535
68 69 1.54983870128478
68 70 2.01444781515950
68 71 3.40066170031677
68 80 3.47416176940593
68 81 3.60118036204823
68 82 2.92385020136167
68 83 2.16905509381405
68 84 3.42116939071997
69 67 3.50035712463750
69 68 1.54983870128478
69 70 1.46696966567187
69 71 2.87167198684002
69 72 4.35607621604617
69 73 4.2977435940273
69 80 4.14258373482085
69 81 4.82685197618515
69 82 4.25465627283845
69 83 3.68505088160274
70 68 2.01444781515950
70 69 1.46696966567187
70 71 1.47054411698514
70 72 2.91042952156536
70 73 2.90946730519511
70 74 4.00824150968943
70 79 3.93954312071795
70 80 2.95435272098625
70 82 3.7123173355736
70 83 3.58558224002739
71 68 3.40066170031677
71 69 2.87167198684002
71 70 1.47054411698514
71 72 1.93238194982260
71 73 1.43961800488881
71 74 2.66992509258204
71 75 3.12161817011581
71 79 3.42965012792828
71 80 2.76001811588256
71 194 3.14542524946947
72 70 2.91042952156536
72 71 1.93238194982260
72 73 1.75282628916845
72 74 1.47627910640219
72 75 1.31461020838828
72 76 1.67705098312484
72 77 2.51286688863557
72 78 3.03674167488767
72 79 1.69664374575203
72 80 1.59624559513878
73 70 2.90946730519511
73 71 1.43961800488881
73 72 1.75282628916845
73 74 1.55080624192692
73 75 2.39603839702083
73 76 3.14720510929937
73 80 3.2209936355106
73 193 2.95717770855959
73 194 1.92603219080057
73 195 2.75408787078406
74 71 2.66992509258204
74 72 1.47627910640219
74 73 1.55080624192692
74 75 1.08166538263907
74 76 1.95880065346124
74 79 2.69258240356728
74 191 2.45051015096839
74 192 2.72238865704373
74 193 1.75866426585676
74 194 2.59048258052429
75 72 1.31461020838828
75 73 2.39603839702083
75 74 1.08166538263907
75 76 0.880738326632955
75 77 1.79568928269928
75 79 1.77200451466692
75 80 2.39069027688624
75 97 2.46044711383972
75 191 2.30412673262576
75 193 2.26612003212581
76 72 1.67705098312484
76 74 1.95880065346124
76 75 0.880738326632955
76 77 0.936482781475582
76 78 1.98728457952048
76 79 1.13846387733677
76 80 2.07617436647316
76 97 1.66243796876777
76 98 1.99489348086575
76 99 2.11236833909208
77 75 1.79568928269928
77 76 0.936482781475582
77 78 1.33360413916586
77 79 1.28003906190463
77 95 2.34999999999997
77 96 1.33255393887055
77 97 0.780320446996027
77 98 1.33093951778426
77 99 1.78709261091812
77 100 1.9109421759957
78 76 1.98728457952048
78 77 1.33360413916586
78 79 1.3423859355641
78 80 2.11627030409634
78 81 2.14720748880956
78 93 2.02780669690198
78 94 1.37200583089131
78 95 1.34238593556415
78 96 1.33033830283872
78 97 1.51953940389877
79 72 1.69664374575203
79 75 1.77200451466692
79 76 1.13846387733677
79 77 1.28003906190463
79 78 1.3423859355641
79 80 1.11004504413077
79 81 2.32002155162379
79 94 2.36076258865641
79 96 2.28109622769425
79 97 1.99263644451335
80 71 2.76001811588256
80 72 1.59624559513878
80 75 2.39069027688624
80 76 2.07617436647316
80 77 2.39008368054375
80 78 2.11627030409634
80 79 1.11004504413077
80 81 1.88247177933695
80 82 2.12849712238459
80 94 2.59218054926743
81 78 2.14720748880956
81 79 2.32002155162379
81 80 1.88247177933695
81 82 0.780256368124991
81 83 2.00422054674629
81 84 1.3510366390298
81 85 2.10237960416290
81 86 1.76819116613564
81 94 1.43377125093244
81 95 2.72809457314103
82 68 2.92385020136167
82 78 2.89394194827719
82 79 2.84627827170803
82 80 2.12849712238459
82 81 0.780256368124991
82 83 1.22918672300046
82 84 0.970824391947519
82 85 2.29538667766462
82 86 2.28711608800238
82 94 2.18524598157725
83 41 3.10452894977649
83 66 2.80921697275268
83 67 2.94042513932985
83 68 2.16905509381405
83 80 3.03384244811755
83 81 2.00422054674629
83 82 1.22918672300046
83 84 1.29630243384754
83 85 2.8793922969963
83 86 3.22967490624063
84 41 2.40052077683138
84 66 3.27391203302709
84 80 3.06545265825477
84 81 1.3510366390298
84 82 0.970824391947519
84 83 1.29630243384754
84 85 1.59226254116645
84 86 1.98655480669476
84 87 2.42167297544494
84 94 2.35771075410087
85 40 2.5500196077678
85 41 2.12000000000016
85 81 2.10237960416290
85 82 2.29538667766462
85 84 1.59226254116645
85 86 1.01019800039376
85 87 0.873155198117467
85 88 2.13841062473967
85 93 2.84290344542318
85 94 2.01635810311551
86 81 1.76819116613564
86 82 2.28711608800238
86 84 1.98655480669476
86 85 1.01019800039376
86 87 1.50283066245021
86 88 1.56425701213083
86 89 2.35762592452638
86 93 1.90378570222606
86 94 1.08461974903653
86 95 2.02425294862099
87 39 2.22301596935356
87 40 1.87387299462881
87 41 2.12132034355910
87 84 2.42167297544494
87 85 0.873155198117467
87 86 1.50283066245021
87 88 1.89842039601408
87 89 2.91480702620277
87 90 2.94613305877433
87 94 2.58683203938738
88 39 1.57714932710884
88 86 1.56425701213083
88 87 1.89842039601408
88 89 1.01651364968658
88 90 1.17341382299672
88 91 1.97800404448473
88 92 1.90874304189967
88 93 1.30587135660440
88 94 2.06671236508620
88 95 1.92574660846126
89 39 2.01853907566829
89 88 1.01651364968658
89 90 0.635609943282905
89 91 1.30299654642664
89 92 0.901997782702919
89 93 0.984885780179442
89 95 1.68237926758492
89 112 2.11981131235817
89 117 2.14767315949181
89 118 2.25942470553881
90 37 2.22685877414803
90 39 1.55862118553561
90 88 1.17341382299672
90 89 0.635609943282905
90 91 0.809567785919955
90 92 1.01980390271872
90 93 1.61307160411431
90 112 2.22279103831203
90 117 1.96735863532813
90 118 1.90394327646544
91 37 1.83447540185198
91 89 1.30299654642664
91 90 0.809567785919955
91 92 1.03043680058506
91 112 1.89129585205518
91 114 1.87856328080849
91 117 1.33540256102838
91 118 1.12445542374954
91 119 1.56259399717305
91 120 1.56984075625541
92 89 0.901997782702919
92 90 1.01980390271872
92 91 1.03043680058506
92 93 1.54777259311581
92 111 1.66207701385932
92 112 1.24064499354153
92 114 1.50119952038362
92 117 1.30387882872587
92 118 1.57003184681022
92 119 1.89612763283468
93 78 2.02780669690198
93 86 1.90378570222606
93 88 1.30587135660440
93 89 0.984885780179442
93 90 1.61307160411431
93 91 2.26048667326277
93 92 1.54777259311581
93 94 1.61913557184078
93 95 0.710211236182615
93 96 1.99323857076863
94 78 1.37200583089131
94 79 2.36076258865641
94 81 1.43377125093244
94 82 2.18524598157725
94 84 2.35771075410087
94 85 2.01635810311551
94 86 1.08461974903653
94 88 2.06671236508620
94 93 1.61913557184078
94 95 1.34000000000015
95 78 1.34238593556415
95 86 2.02425294862099
95 88 1.92574660846126
95 89 1.68237926758492
95 90 2.31603108787424
95 92 2.09475535564425
95 93 0.710211236182615
95 94 1.34000000000015
95 96 1.39291062168375
95 97 2.06189233472557
96 76 2.26894248494747
96 77 1.33255393887055
96 78 1.33033830283872
96 79 2.28109622769425
96 93 1.99323857076863
96 95 1.39291062168375
96 97 0.740270220932866
96 98 1.26400158227763
96 99 2.07966343430848
96 100 1.10679718105911
97 76 1.66243796876777
97 77 0.780320446996027
97 78 1.51953940389877
97 79 1.99263644451335
97 95 2.06189233472557
97 96 0.740270220932866
97 98 0.747060907824646
97 99 1.47410990092285
97 100 1.13885907820036
97 176 2.34093998214376
98 76 1.99489348086575
98 77 1.33093951778426
98 78 2.26612003212559
98 79 2.61068956408131
98 96 1.26400158227763
98 97 0.747060907824646
98 99 0.820792300158668
98 100 0.845990543682262
98 103 2.31639806596340
98 176 1.60440019945147
99 76 2.11236833909208
99 77 1.78709261091812
99 96 2.07966343430848
99 97 1.47410990092285
99 98 0.820792300158668
99 100 1.50332963783731
99 176 1.26846363763459
99 177 1.91031411029722
99 178 2.03081264522344
99 191 1.94139125371473
100 77 1.9109421759957
100 96 1.10679718105911
100 97 1.13885907820036
100 98 0.845990543682262
100 99 1.50332963783731
100 101 1.84740358341067
100 103 1.83613724977185
100 104 2.11853723120426
100 111 2.13936906586974
100 176 1.64103625797855
101 103 1.23939501370637
101 104 1.04292856898265
101 105 0.747261667691019
101 106 1.34014924542022
101 107 1.32698907305286
101 108 1.30115333454647
101 109 1.06887791632174
101 110 0.564358042380977
101 111 1.10435501538197
101 134 1.45663996924473
102 103 0.720000000000255
102 104 0.556057550978701
102 132 0.745184540902242
102 133 0.728354309384709
102 134 0.170000000000016
102 135 0.648151216923394
102 172 0.682495421230133
102 173 0.616116872029783
102 174 0.370135110466445
102 175 0.332866339542419
103 101 1.23939501370637
103 102 0.720000000000255
103 104 0.440454310910724
103 105 1.08078675047388
103 134 0.739797269527519
103 135 1.29340635532647
103 173 1.19012604374488
103 174 0.800624756049958
103 175 0.475394572959821
103 176 1.2536347155371
104 101 1.04292856898265
104 102 0.556057550978701
104 103 0.440454310910724
104 105 0.672681202353731
104 132 1.01965680500865
104 133 0.966902270138847
104 134 0.47169905660329
104 135 0.9518928511128
104 174 0.830060238778019
104 175 0.544058820349358
105 101 0.747261667691019
105 104 0.672681202353731
105 106 0.657875368135828
105 107 0.78492037812791
105 110 1.00004999874982
105 131 1.00079968025575
105 132 1.02215458713454
105 133 0.950157881617334
105 134 0.886002257333593
105 135 1.01607086367022
106 105 0.657875368135828
106 107 0.335410196624918
106 108 1.00647901120665
106 130 0.655209890035353
106 131 0.460434577328938
106 132 0.78434686204513
106 133 0.728010988927991
106 135 0.844037913840318
106 136 1.01237344888159
106 137 1.00129915609650
107 105 0.78492037812791
107 106 0.335410196624918
107 108 0.687968022512603
107 109 1.01400197238500
107 128 1.13454836829438
107 129 0.955196314900419
107 130 0.706116137756005
107 131 0.736002717386074
107 132 1.11682585929938
107 133 1.06230880632691
108 101 1.30115333454647
108 105 1.14586212085058
108 106 1.00647901120665
108 107 0.687968022512603
108 109 0.441021541424509
108 110 0.917877987534426
108 113 0.886002257333514
108 128 1.24036285013658
108 129 1.29634100451956
108 130 1.28705089254425
109 101 1.06887791632174
109 105 1.18663389467858
109 106 1.28082004981180
109 107 1.01400197238500
109 108 0.441021541424509
109 110 0.565685424949005
109 111 1.11162043881861
109 113 0.56824290580679
109 114 1.31034346642364
109 115 1.27098387086539
110 101 0.564358042380977
110 105 1.00004999874982
110 106 1.38003623140801
110 107 1.22808794473363
110 108 0.917877987534426
110 109 0.565685424949005
110 111 0.787210264160773
110 112 1.29034879005640
110 113 0.909340420304789
110 114 1.48761554173110
111 92 1.66207701385932
111 101 1.10435501538197
111 108 1.55029029539650
111 109 1.11162043881861
111 110 0.787210264160773
111 112 0.711125867902418
111 113 1.00955435713004
111 114 1.13053084876091
111 115 1.70073513516917
111 117 1.65999999999997
112 92 1.24064499354153
112 109 1.32098448136196
112 110 1.29034879005640
112 111 0.711125867902418
112 113 0.892692556258976
112 114 0.509901951359372
112 115 1.26269552941269
112 116 1.22004098291804
112 117 0.950841732361372
112 118 1.57155973478582
113 108 0.886002257333514
113 109 0.56824290580679
113 110 0.909340420304789
113 111 1.00955435713004
113 112 0.892692556258976
113 114 0.756637297521033
113 115 0.80081208782066
113 116 1.12871608476179
113 117 1.38405202214374
113 123 1.14999999999973
114 111 1.13053084876091
114 112 0.509901951359372
114 113 0.756637297521033
114 115 0.796994353806195
114 116 0.712811335487645
114 117 0.644127316607595
114 118 1.25865007051230
114 119 1.18038129432824
114 122 1.26668859630118
114 123 1.29034879005597
115 113 0.80081208782066
115 114 0.796994353806195
115 116 0.502095608425069
115 117 1.11018016555823
115 119 1.19016805535998
115 122 0.697208720542184
115 123 0.493355855341996
115 124 0.88294960218633
115 125 1.00409162928491
115 493 1.0897706180665
116 113 1.12871608476179
116 114 0.712811335487645
116 115 0.502095608425069
116 117 0.700285656000282
116 118 1.00801785698502
116 119 0.696419413859175
116 121 1.15420968632225
116 122 0.572013985843052
116 123 0.853756405539586
116 125 1.12893755363146
117 91 1.33540256102838
117 92 1.30387882872587
117 112 0.950841732361372
117 113 1.38405202214374
117 114 0.644127316607595
117 115 1.11018016555823
117 116 0.700285656000282
117 118 0.629682459657353
117 119 0.693541635375965
117 122 1.21457811605498
118 91 1.12445542374954
118 92 1.57003184681022
118 114 1.25865007051230
118 115 1.50711645203685
118 116 1.00801785698502
118 117 0.629682459657353
118 119 0.440113621693817
118 120 0.800499843847674
118 121 1.55128978595275
118 122 1.29634100452046
119 114 1.18038129432824
119 115 1.19016805535998
119 116 0.696419413859175
119 117 0.693541635375965
119 118 0.440113621693817
119 120 0.831685036537358
119 121 1.12641022722623
119 122 0.866833317310704
119 123 1.43669760214166
119 125 1.45825237870502
120 91 1.56984075625541
120 116 1.51700362557256
120 117 1.40174890761507
120 118 0.800499843847674
120 119 0.831685036537358
120 121 1.4200352108312
120 122 1.50655235554572
120 494 1.67630546142437
120 495 1.28549601321851
120 496 0.947628619238433
121 116 1.15420968632225
121 119 1.12641022722623
121 122 0.622414652783811
121 123 1.11646764395571
121 124 1.17630778285287
121 125 0.657343137181622
121 126 0.604400529450398
121 493 0.60307545133278
121 494 1.00424100693019
121 495 0.992975326984507
122 115 0.697208720542184
122 116 0.572013985843052
122 117 1.21457811605498
122 119 0.866833317310704
122 121 0.622414652783811
122 123 0.654599113962081
122 124 0.904267659490452
122 125 0.610327780786357
122 126 0.921357693840921
122 493 0.649384323802494
123 113 1.14999999999973
123 115 0.493355855341996
123 116 0.853756405539586
123 121 1.11646764395571
123 122 0.654599113962081
123 124 0.393192065027076
123 125 0.609261848469029
123 126 1.04651803615610
123 127 0.906200860736882
123 493 0.70384657419091
124 115 0.88294960218633
124 116 1.22918672300046
124 121 1.17630778285287
124 122 0.904267659490452
124 123 0.393192065027076
124 125 0.531601354400226
124 126 0.89274856482659
124 127 0.535350352572825
124 491 1.27003936946823
124 493 0.611882341631135
125 115 1.00409162928491
125 116 1.12893755363146
125 121 0.657343137181622
125 122 0.610327780786357
125 123 0.609261848469029
125 124 0.531601354400226
125 126 0.439089968002127
125 127 0.63906181234715
125 491 1.04709120901674
125 493 0.0948683298052887
126 121 0.604400529450398
126 122 0.921357693840921
126 123 1.04651803615610
126 124 0.89274856482659
126 125 0.439089968002127
126 127 0.710211236182618
126 490 1.09881754627389
126 491 0.71021123618241
126 492 1.00124921972530
126 493 0.346698716466945
127 121 1.2306502346321
127 122 1.22641754716739
127 123 0.906200860736882
127 124 0.535350352572825
127 125 0.63906181234715
127 126 0.710211236182618
127 489 1.32378245946959
127 490 1.09480591887302
127 491 0.787908624143543
127 493 0.648845127900079
128 107 1.13454836829438
128 129 0.421900462194592
128 130 0.906090503206
128 138 0.895377015564003
128 139 1.16180893437771
128 140 0.684762732631138
128 141 0.486621002423424
128 142 1.00975244490915
128 381 0.835463942968137
128 382 1.22004098291804
129 107 0.955196314900419
129 128 0.421900462194592
129 130 0.51478150704939
129 131 1.01965680500847
129 137 0.81394102980493
129 138 0.499299509313047
129 139 0.900777441991025
129 140 0.56718603649988
129 141 0.666033032213604
129 142 1.00000000000003
130 106 0.655209890035353
130 107 0.706116137756005
130 128 0.906090503206
130 129 0.51478150704939
130 131 0.506063237155198
130 136 0.93134311615002
130 137 0.488364617882739
130 138 0.482597140481018
130 140 0.952102935611835
130 169 0.93520051325916
131 106 0.460434577328938
131 107 0.736002717386074
131 130 0.506063237155198
131 132 0.494772675074055
131 133 0.475394572960297
131 135 0.588217646794201
131 136 0.574543296889032
131 137 0.61983868869215
131 169 0.760065786626653
131 170 0.8112336284942
132 102 0.745184540902242
132 131 0.494772675074055
132 133 0.0721110255095926
132 134 0.648845127900079
132 135 0.100000000000273
132 136 0.420119030752074
132 169 0.763216876123904
132 170 0.573846669415918
132 171 0.604648658313321
132 172 0.364005494464148
133 102 0.728354309384709
133 106 0.728010988927991
133 131 0.475394572960297
133 132 0.0721110255095926
133 134 0.618546683767095
133 135 0.120000000000005
133 136 0.482597140481018
133 170 0.644748012792724
133 171 0.672011904656753
133 172 0.421544778167437
134 102 0.170000000000016
134 103 0.739797269527519
134 104 0.47169905660329
134 132 0.648845127900079
134 133 0.618546683767095
134 135 0.559464029227329
134 172 0.671192967782067
134 173 0.760591874792116
134 174 0.540092584655656
134 175 0.448218696620726
135 102 0.648151216923394
135 131 0.588217646794201
135 132 0.100000000000273
135 133 0.120000000000005
135 134 0.559464029227329
135 136 0.485077313425863
135 169 0.833606621855312
135 170 0.60638271743196
135 171 0.580000000000347
135 172 0.313847096529878
136 131 0.574543296889032
136 132 0.420119030752074
136 133 0.482597140481018
136 135 0.485077313425863
136 137 0.675351760195908
136 167 0.655209890035338
136 169 0.349284983931611
136 170 0.237065391822424
136 171 0.496487663492198
136 172 0.466904701196932
137 129 0.81394102980493
137 130 0.488364617882739
137 131 0.61983868869215
137 136 0.675351760195908
137 138 0.398497176903662
137 139 0.815414005276084
137 158 0.562938717801681
137 162 0.7657675887637
137 169 0.520864665724236
137 170 0.834326075344605
138 128 0.895377015564003
138 129 0.499299509313047
138 130 0.482597140481018
138 131 0.879204185613728
138 137 0.398497176903662
138 139 0.564358042380392
138 140 0.586685605754879
138 141 0.935574689695988
138 158 0.659469483751499
138 169 0.904488805900872
139 138 0.564358042380392
139 140 0.516236379965363
139 142 0.643272881443033
139 147 0.765375724726555
139 149 0.587281874401418
139 150 0.602079728939796
139 151 0.430116263352422
139 158 0.584636639289756
139 159 0.528015151297554
139 160 0.626498204306815
140 128 0.684762732631138
140 129 0.56718603649988
140 138 0.586685605754879
140 139 0.516236379965363
140 141 0.427200187266125
140 142 0.442831796509361
140 148 0.873670418407203
140 149 0.670074622710111
140 150 0.789176786277703
140 151 0.832165848854503
141 128 0.486621002423424
141 129 0.666033032213604
141 138 0.935574689695988
141 139 0.935200513259212
141 140 0.427200187266125
141 142 0.564623768540137
141 144 0.910494371207968
141 149 0.894706655838322
141 381 0.500000000000109
141 382 0.92720008628132
142 139 0.643272881443033
142 140 0.442831796509361
142 141 0.564623768540137
142 143 0.70724818840336
142 144 0.433820239269971
142 145 0.718679344353323
142 148 0.482700735446125
142 149 0.336005952328573
142 150 0.490407993409655
142 151 0.706823881882957
143 142 0.70724818840336
143 144 0.335261092284689
143 145 0.308058436015157
143 146 0.604648658313321
143 148 0.620322496770822
143 149 0.743303437365766
143 150 0.827345151674928
143 373 0.82097503007093
143 379 0.726154253585147
143 407 0.791201617794286
144 140 0.87664131775769
144 142 0.433820239269971
144 143 0.335261092284689
144 145 0.288617393793001
144 146 0.475394572959799
144 147 0.626258732474036
144 148 0.310483493925138
144 149 0.408044115262018
144 150 0.500099990002004
144 151 0.834865258589672
145 142 0.718679344353323
145 143 0.308058436015157
145 144 0.288617393793001
145 146 0.296816441593038
145 147 0.663701740241799
145 148 0.420594816896179
145 149 0.609590026164916
145 150 0.639531078212807
145 153 0.76537572472606
145 370 0.894538987412275
146 143 0.604648658313321
146 144 0.475394572959799
146 145 0.296816441593038
146 147 0.470106370941535
146 148 0.379473319219896
146 149 0.598080262171763
146 150 0.552177507691022
146 152 0.693757882838189
146 153 0.469574275274986
146 370 0.805294977011948
147 144 0.626258732474036
147 146 0.470106370941535
147 148 0.317804971641477
147 149 0.385875627631427
147 150 0.237697286480320
147 151 0.384187454246119
147 152 0.264764045897328
147 153 0.440113621692907
147 157 0.646297145282141
147 160 0.515460958754641
148 142 0.482700735446125
148 143 0.620322496770822
148 144 0.310483493925138
148 145 0.420594816896179
148 146 0.379473319219896
148 147 0.317804971641477
148 149 0.21931712199446
148 150 0.219317121994714
148 151 0.55659680200308
148 152 0.57870545184903
149 139 0.587281874401418
149 142 0.336005952328573
149 144 0.408044115262018
149 145 0.609590026164916
149 146 0.598080262171763
149 147 0.385875627631427
149 148 0.21931712199446
149 150 0.155563491860819
149 151 0.441021541423979
149 152 0.596657355606526
150 139 0.602079728939796
150 142 0.490407993409655
150 144 0.500099990002004
150 146 0.552177507691022
150 147 0.237697286480320
150 148 0.219317121994714
150 149 0.155563491860819
150 151 0.339558536926960
150 152 0.442040722105691
150 160 0.583095189484462
151 139 0.430116263352422
151 142 0.706823881882957
151 147 0.384187454246119
151 148 0.55659680200308
151 149 0.441021541423979
151 150 0.339558536926960
151 152 0.350570962858616
151 157 0.558659108938114
151 159 0.424499705535943
151 160 0.286530975637604
152 147 0.264764045897328
152 148 0.57870545184903
152 149 0.596657355606526
152 150 0.442040722105691
152 151 0.350570962858616
152 153 0.463249392876294
152 155 0.586003412959562
152 157 0.382099463490848
152 159 0.603075451332603
152 160 0.311448230047987
153 145 0.76537572472606
153 146 0.469574275274986
153 147 0.440113621692907
153 148 0.644127316607264
153 150 0.667532770730996
153 152 0.463249392876294
153 154 0.505667875190869
153 155 0.605309838016875
153 157 0.720694109869263
153 160 0.768374908492237
154 147 0.80212218520594
154 152 0.635688603012868
154 153 0.505667875190869
154 155 0.191049731745492
154 156 0.289999999999964
154 157 0.585234995536352
154 160 0.810246875958586
154 161 0.843800924389376
154 258 0.901387818866325
154 365 0.736002717386403
155 147 0.801560977093773
155 151 0.899611027055319
155 152 0.586003412959562
155 153 0.605309838016875
155 154 0.191049731745492
155 156 0.198494332412846
155 157 0.431045241245335
155 160 0.69050706006557
155 161 0.661891229735051
155 365 0.924553946506286
156 152 0.781024967590945
156 153 0.77884529914484
156 154 0.289999999999964
156 155 0.198494332412846
156 157 0.572712842531446
156 160 0.853814968245836
156 161 0.735459040328132
156 258 0.8500588214945
156 259 0.898943824718937
156 365 0.938616002420647
157 147 0.646297145282141
157 151 0.558659108938114
157 152 0.382099463490848
157 153 0.720694109869263
157 154 0.585234995536352
157 155 0.431045241245335
157 156 0.572712842531446
157 159 0.500099990001999
157 160 0.291547594742253
157 161 0.313847096529463
158 137 0.562938717801681
158 138 0.659469483751499
158 139 0.584636639289756
158 151 0.791959594929218
158 159 0.474341649025095
158 160 0.765571681816763
158 162 0.381182371050965
158 163 0.770259696466136
158 167 0.698927750200088
158 169 0.65604877867388
159 139 0.528015151297554
159 147 0.768505042274022
159 150 0.764002617796643
159 151 0.424499705535943
159 152 0.603075451332603
159 157 0.500099990001999
159 158 0.474341649025095
159 160 0.296816441593099
159 161 0.428018691180799
159 162 0.676239602507372
160 139 0.626498204306815
160 147 0.515460958754641
160 149 0.710633520177392
160 150 0.583095189484462
160 151 0.286530975637604
160 152 0.311448230047987
160 155 0.69050706006557
160 157 0.291547594742253
160 159 0.296816441593099
160 161 0.429534631898337
161 151 0.708378429936867
161 152 0.660984114786443
161 155 0.661891229735051
161 156 0.735459040328132
161 157 0.313847096529463
161 158 0.797621464104337
161 159 0.428018691180799
161 160 0.429534631898337
161 162 0.806535802056511
161 163 0.694046107978341
162 137 0.7657675887637
162 158 0.381182371050965
162 159 0.676239602507372
162 161 0.806535802056511
162 163 0.454532727094133
162 164 0.742428447730445
162 166 0.708307842678762
162 167 0.382099463490985
162 169 0.550363516232862
162 170 0.839344982710341
163 157 1.00687635785122
163 158 0.770259696466136
163 159 0.82298238134242
163 161 0.694046107978341
163 162 0.454532727094133
163 164 0.370135110466389
163 166 0.64815121692411
163 167 0.610081961706459
163 169 0.939627585801612
163 357 0.996443676281103
164 158 1.10385687478035
164 161 1.02044108110168
164 162 0.742428447730445
164 163 0.370135110466389
164 165 0.870976463516602
164 166 0.50089919145473
164 167 0.710211236182125
164 169 1.09622078068195
164 219 1.03740059764792
164 357 0.872983390449676
165 163 1.23628475684199
165 164 0.870976463516602
165 166 0.87664131775786
165 168 0.988382517044986
165 181 1.0872442227942
165 182 0.438292140016127
165 183 0.756108457828693
165 218 1.14284732138625
165 219 0.519230199429883
165 357 1.26194294641254
166 136 0.93861600242023
166 162 0.708307842678762
166 163 0.64815121692411
166 164 0.50089919145473
166 165 0.87664131775786
166 167 0.422018956920079
166 168 0.679558680321039
166 169 0.775241897732293
