0 100 shapefile id1
1 7 615.698102252649
1 8 612.074397312246
1 15 1015.49819789339
1 18 1085.92514322623
1 19 439.898611920488
1 30 1025.37403820692
1 33 889.694236573297
1 52 1096.08077055703
1 55 710.731911716384
1 59 1208.46621386351
1 64 790.789664133041
1 65 567.049482169386
1 75 1071.04885708981
1 79 940.561432289655
1 89 972.421906019634
1 93 333.038930994998
2 3 987.04969275145
2 4 1248.17337887753
2 6 832.465221652929
2 9 495.289482587372
2 11 617.805070724698
2 27 1177.79448329768
2 29 1037.33489511146
2 34 740.468915468225
2 36 743.667501799456
2 41 396.972639237052
2 44 289.503712189465
2 46 621.14466045133
2 47 665.478572504662
2 48 664.569924935707
2 50 694.163134046363
2 54 1137.30295514999
2 57 634.257805636918
2 60 1094.64226502469
2 61 1259.54832961341
2 66 478.066523427575
2 70 874.2411669226
2 72 1311.31957614293
2 74 910.388125062779
2 76 835.67807222068
2 77 1246.36629958386
2 80 932.872949953081
2 82 1048.99781848412
2 96 1035.85417663352
2 100 634.216336304575
3 2 987.04969275145
3 4 270.977468296573
3 5 1252.97027391073
3 6 213.961236705713
3 9 600.518676099455
3 10 937.672745839983
3 12 685.71679776731
3 26 937.394360066616
3 27 400.105788237895
3 29 1294.30277940073
3 34 689.962518481377
3 36 964.02671095997
3 41 814.182967952936
3 44 698.141539378763
3 46 1305.95811704046
3 48 1152.43170064211
3 50 1268.02317505706
3 53 840.88014269638
3 57 1241.45374780333
3 61 1313.62183841265
3 66 1319.59917559856
3 68 849.264854131101
3 70 260.794608534096
3 74 965.75335175424
3 77 1173.71690831977
3 80 287.418777770439
3 82 681.789816208585
3 84 764.583039494571
4 2 1248.17337887753
4 3 270.977468296573
4 5 1096.43348005504
4 6 427.440212349474
4 9 824.782262831765
4 10 748.629926372594
4 12 501.0664693744
4 26 905.21009770407
4 27 477.178915920163
4 34 931.880692027107
4 36 1114.36772814813
4 41 1084.12951268507
4 44 958.696615972617
4 53 594.497637558163
4 68 684.071397793928
4 70 499.632808448263
4 74 1074.08530997201
4 80 400.360537056742
4 82 855.20894703715
4 84 566.099631563146
5 3 1252.97027391073
5 4 1096.43348005504
5 6 1209.48949592520
5 14 280.413804259745
5 26 566.345490593892
5 28 1302.4686974081
5 29 1263.84881394842
5 36 1247.90422690060
5 53 656.86103870507
5 61 1022.90685025161
5 74 1076.50184799328
5 80 1056.33111914689
5 81 1231.89571493814
5 86 419.036162112404
6 2 832.465221652929
6 3 213.961236705713
6 4 427.440212349474
6 5 1209.48949592520
6 9 399.181024260921
6 10 1143.79612282791
6 12 891.066294689179
6 26 810.423016619756
6 27 592.786828721002
6 29 1087.12275597358
6 34 715.534925853395
6 36 751.495729696454
6 41 739.885402913302
6 44 545.657728296398
6 46 1237.02371041214
6 48 1115.31691797529
6 50 1055.44479580608
6 53 911.971814574098
6 57 1185.43781318986
6 60 1273.47420925312
6 61 1124.99773283782
6 66 1123.63827665979
6 68 1059.53637729104
6 70 356.268734792321
6 74 763.252646792377
6 77 1262.04121351033
6 80 153.731580625811
6 82 796.428217828904
6 84 967.078617193452
6 100 1189.44488364406
7 1 615.698102252649
7 8 998.406577341436
7 15 1299.91928202465
7 18 1251.66694564661
7 19 796.972325419634
7 30 589.167168792076
7 33 1318.59259682386
7 51 1026.84417996810
7 55 707.372144174626
7 59 1079.74159611764
7 64 242.128528309492
7 65 1043.08041704905
7 75 750.141426313194
7 89 874.60238670482
7 93 563.206355648925
8 1 612.074397312246
8 7 998.406577341436
8 10 1266.52226736947
8 15 410.995364302226
8 18 539.079014470813
8 19 204.476343733067
8 25 1233.55224199719
8 30 1074.95047780480
8 33 320.202699651144
8 43 764.224153149617
8 45 903.602993313317
8 51 1298.41139325426
8 52 487.643488392501
8 55 510.402113031556
8 59 890.521490098885
8 63 1117.62914114002
8 64 1040.54056556433
8 65 158.150824759236
8 67 1098.62151787230
8 68 1226.70802634677
8 75 987.150616693673
8 77 1236.46442368613
8 79 393.029979656907
8 89 705.747074625143
8 93 437.119170400759
9 2 495.289482587372
9 3 600.518676099455
9 4 824.782262831765
9 6 399.181024260921
9 11 969.855382074564
9 12 1285.89342003793
9 26 862.67797738067
9 27 918.211765425486
9 28 1218.30911281489
9 29 822.572578983697
9 34 761.498138366049
9 36 462.995412084889
9 41 590.041782231019
9 44 265.285608371050
9 46 1033.56731739726
9 47 1059.9247310192
9 48 982.755913600595
9 50 684.450620191233
9 53 1244.72700380835
9 57 1010.43625729292
9 60 971.153340985782
9 61 952.291677453523
9 66 724.609927457002
9 70 614.85806219715
9 72 1208.71061604692
9 74 561.34561734176
9 76 1324.81130802732
9 80 458.447979355149
9 81 1259.47261504485
9 82 975.95214825088
9 100 794.369880288595
10 3 937.672745839983
10 4 748.629926372594
10 6 1143.79612282791
10 8 1266.52226736947
10 12 252.753184777035
10 15 1165.51791500077
10 27 738.124820836587
10 33 962.70853110026
10 52 1120.45306755382
10 53 888.346456293655
10 65 1197.85210376194
10 68 120.380306681394
10 70 1016.97899093298
10 79 882.671050096788
10 80 1147.15033915624
10 82 1076.14725130374
10 84 183.029160255236
11 2 617.805070724698
11 9 969.855382074564
11 16 971.462459662312
11 28 1292.41288607427
11 29 1001.71735339486
11 36 907.197964468325
11 40 764.94073332367
11 41 995.10529013384
11 42 961.110426950589
11 44 873.967646616633
11 46 972.171440032895
11 47 126.021486795997
11 48 1130.16638066897
11 50 586.191392572948
11 54 1019.93992247008
11 56 1304.91105575648
11 57 1039.10491769238
11 58 1023.81162568647
11 60 927.224505134115
11 61 1283.53078374919
11 66 270.159416713925
11 72 1061.72481980307
11 74 1080.52412056240
11 76 853.279502820177
11 90 980.065529859042
11 96 948.940144386772
11 100 347.318493965762
12 3 685.71679776731
12 4 501.0664693744
12 6 891.066294689179
12 9 1285.89342003793
12 10 252.753184777035
12 15 1205.32057196660
12 27 528.683546896835
12 33 1063.84748300374
12 34 1128.11617424360
12 43 1314.03046813942
12 45 1324.82874129161
12 52 1145.51548902385
12 53 755.945360299983
12 68 186.246701883485
12 70 781.623642878023
12 79 988.70442187266
12 80 896.872462851586
12 82 907.776880377786
12 84 85.4351825385404
13 17 22.2948880888771
13 20 580.44784673686
13 21 730.321687148447
13 22 150.570037342048
13 23 587.76731371146
13 24 1122.06019252815
13 31 800.096725567056
13 32 1096.83129121545
13 35 487.694273140716
13 37 405.447336123967
13 38 1224.71268435856
13 49 207.230734700173
13 54 1092.97586660493
13 56 1023.99049457379
13 69 1199.96997673333
13 71 1012.04289717279
13 76 1296.41200759778
13 85 399.849966710516
13 87 625.01468375015
13 88 1107.50209011969
13 91 1210.84225994662
13 94 741.000612706606
13 95 963.848144836167
13 96 1161.23055754504
13 97 408.109168323292
13 99 167.700206429616
14 5 280.413804259745
14 26 758.899184732091
14 28 1319.89967718021
14 53 915.29939388319
14 61 1098.05057485972
14 74 1239.36653613356
14 80 1320.51281136692
14 81 1234.76906139084
14 86 360.972195009137
15 1 1015.49819789339
15 7 1299.91928202465
15 8 410.995364302226
15 10 1165.51791500077
15 12 1205.32057196660
15 18 237.070685267980
15 19 580.505160245892
15 25 984.758115345662
15 27 1078.65714512510
15 30 1193.51411399056
15 33 323.798493580709
15 34 1229.72216410922
15 38 1317.33000270718
15 43 373.377840257368
15 45 506.041517021099
15 51 1276.72712408482
15 52 85.4233594503813
15 55 641.216202828865
15 59 769.957894798078
15 63 745.385289921908
15 64 1275.69873278807
15 65 523.241537658118
15 67 734.768378452087
15 68 1090.25030574532
15 70 1315.51188684674
15 75 1034.45636824546
15 77 828.152945861484
15 79 380.057754761677
15 82 941.231435018164
15 84 1229.23587280027
15 89 688.277838181453
15 93 780.318444867858
16 11 971.462459662312
16 39 1222.08693089017
16 40 206.823497591065
16 42 914.712407449418
16 47 963.775896894236
16 50 1212.79983065722
16 58 495.188670093205
16 60 1239.20803661715
16 66 1140.01928155085
16 72 1167.89336505771
16 90 652.535086251012
16 92 400.349186956599
16 100 1050.55423207258
17 13 22.2948880888771
17 20 573.559545140879
17 21 711.815753168368
17 22 128.542886041852
17 23 607.684912195129
17 24 1138.59741850163
17 31 785.482989257455
17 32 1082.89136934036
17 35 500.060128420077
17 37 415.743026748467
17 38 1211.07016440235
17 49 229.036916959237
17 54 1073.21768831673
17 56 1010.85534141436
17 69 1208.94140426120
17 71 1014.80325127270
17 76 1274.89558885681
17 85 417.196779265785
17 87 602.929575132746
17 88 1090.31392556406
17 91 1205.04590422026
17 94 752.266168673824
17 95 970.888774023554
17 96 1140.78733402743
17 97 389.969416813063
17 99 167.783328112977
18 1 1085.92514322623
18 7 1251.66694564661
18 8 539.079014470813
18 15 237.070685267980
18 19 650.063782225934
18 25 751.305915837413
18 27 1203.77969789174
18 30 1042.21588247411
18 32 1227.65490009175
18 33 552.29985482185
18 34 1240.28082487398
18 38 1102.55094482397
18 43 262.308731469907
18 45 399.773412084684
18 51 1067.59464517897
18 52 264.264884951798
18 55 548.570569825703
18 59 547.035704609003
18 63 581.397779422492
18 64 1183.76539607800
18 65 683.203414540946
18 67 560.313312053277
18 68 1301.83504147146
18 75 858.534577002364
18 77 747.678015085866
18 79 614.533764810459
18 82 988.017887217055
18 83 1260.6003894444
18 88 1239.93700379017
18 89 510.153683468195
18 93 798.237416144758
19 1 439.898611920488
19 7 796.972325419634
19 8 204.476343733067
19 15 580.505160245892
19 18 650.063782225934
19 25 1263.20478835794
19 30 932.719471181657
19 33 522.955445357334
19 43 900.277364990079
19 45 1041.26411362134
19 51 1210.61659181075
19 52 663.306588739306
19 55 413.634336115729
19 59 873.798384037049
19 63 1227.98474095604
19 64 855.020724973333
19 65 265.653646583846
19 67 1203.20924937244
19 75 881.195816374433
19 79 592.790182038108
19 89 656.878965958939
19 93 233.984532294727
20 13 580.44784673686
20 17 573.559545140879
20 21 443.514065969728
20 22 528.61896169591
20 23 763.761667344659
20 24 1034.39450618559
20 25 1077.68001996143
20 31 1195.67916300388
20 32 585.863908895722
20 35 471.617829336024
20 37 410.87167333148
20 38 701.511107471735
20 49 637.461482839614
20 54 1306.18265026205
20 62 1194.95448031667
20 67 1318.13554208678
20 69 861.27123048271
20 71 547.459761396038
20 73 1087.71166787567
20 78 1131.05945924320
20 83 805.013584389583
20 85 574.856459298475
20 87 763.241785414334
20 88 684.011937093858
20 91 632.411565989949
20 94 561.753095755653
20 95 606.600761212197
20 97 348.390706369091
20 98 1009.52003004178
20 99 738.038979374529
21 13 730.321687148447
21 17 711.815753168368
21 20 443.514065969728
21 22 597.496220632609
21 23 1139.04225361510
21 25 1010.18237796243
21 31 1000.43536786031
21 32 454.748330448588
21 35 870.950077619565
21 37 787.886001481111
21 38 578.608318068401
21 46 981.703248259482
21 48 1020.87316763638
21 49 886.634916828515
21 54 968.217919867656
21 56 1219.43652695165
21 57 987.9163511112
21 63 1078.31136767337
21 67 1084.24456487485
21 69 1283.91294013306
21 71 937.72539706738
21 76 973.628395067507
21 77 1154.74432330559
21 83 976.011917400871
21 85 926.958740607513
21 87 484.293692790632
21 88 387.79033199888
21 91 811.249419946093
21 94 1002.33083360820
21 95 1036.14673423771
21 96 969.664788695473
21 97 322.420981962701
21 99 826.46462578619
22 13 150.570037342048
22 17 128.542886041852
22 20 528.61896169591
22 21 597.496220632609
22 23 715.810833347675
22 24 1222.84816295268
22 31 728.126114164489
22 32 991.20979921483
22 35 566.653815100499
22 37 473.855078898156
22 38 1120.46882740612
22 49 352.039393348496
22 54 974.294618736553
22 56 961.376869799142
22 69 1247.30780642102
22 71 1018.49250120279
22 76 1159.55988276556
22 85 512.73993367833
22 87 481.990292444971
22 88 981.41837405396
22 91 1158.11979044250
22 94 808.075231866385
22 95 999.787528848603
22 96 1035.76921051841
22 97 281.33579157215
22 99 234.184227243298
23 13 587.76731371146
23 17 607.684912195129
23 20 763.761667344659
23 21 1139.04225361510
23 22 715.810833347675
23 24 575.87371826125
23 35 295.696592190968
23 37 356.774143772610
23 49 390.623888980713
23 69 832.852880249399
23 71 839.489226352882
23 73 1199.90848165488
23 85 216.336166347684
23 87 1195.22848102286
23 91 1230.69428778063
23 94 405.549829054519
23 95 685.74811876045
23 97 858.888942612607
23 98 1098.86166616842
23 99 688.70317991186
24 13 1122.06019252815
24 17 1138.59741850163
24 20 1034.39450618559
24 22 1222.84816295268
24 23 575.87371826125
24 35 662.425505029348
24 37 758.703034827957
24 49 947.79111891386
24 62 1267.57343601729
24 69 487.161094865119
24 71 746.82428558175
24 73 816.57226754321
24 83 1278.97238986839
24 85 722.835383907472
24 91 1209.75028567362
24 94 473.550365547189
24 95 550.851850671612
24 97 1274.93407023421
24 98 727.751704552861
24 99 1248.15015317374
25 8 1233.55224199719
25 15 984.758115345662
25 18 751.305915837413
25 19 1263.20478835794
25 20 1077.68001996143
25 21 1010.18237796243
25 30 1008.09090948089
25 32 558.762668712451
25 33 1303.60179647085
25 38 431.757237034356
25 43 713.931859316527
25 45 693.524945212002
25 48 1315.27294264039
25 51 715.87363764235
25 52 988.74974685108
25 55 923.681731637239
25 59 436.846251622699
25 62 909.595237276172
25 63 507.831726416626
25 64 1324.16408376323
25 67 469.491043097185
25 71 1049.03194010148
25 73 1252.03859229149
25 75 788.476647628366
25 77 823.209970336587
25 78 763.615262473479
25 82 1303.84579776782
25 83 541.001524494212
25 88 674.016555900254
25 89 670.10895489527
25 91 586.033268769113
25 93 1299.22249346921
25 95 1246.95956107665
25 97 1267.72700706485
25 98 1260.59329314154
26 3 937.394360066616
26 4 905.21009770407
26 5 566.345490593892
26 6 810.423016619756
26 9 862.67797738067
26 14 758.899184732091
26 28 907.073436146055
26 29 745.004597634567
26 36 681.786073752554
26 44 1127.83869497171
26 50 1037.25225133496
26 53 813.86768297042
26 60 956.743638095397
26 61 566.330756253713
26 66 1321.35209212126
26 70 1160.56429998564
26 72 1112.09505203668
26 74 513.097679545726
26 80 666.94695600462
26 81 871.046001461679
26 86 985.221224907343
26 100 1273.31337828432
27 2 1177.79448329768
27 3 400.105788237895
27 4 477.178915920163
27 6 592.786828721002
27 9 918.211765425486
27 10 738.124820836587
27 12 528.683546896835
27 15 1078.65714512510
27 18 1203.77969789174
27 33 1089.35863045479
27 34 599.457844371562
27 41 878.65178589744
27 43 1028.36784985653
27 44 915.875960001419
27 45 986.626315367182
27 46 1305.13250555123
27 48 1104.59431251015
27 52 997.644117114812
27 53 1041.18046717364
27 57 1221.15738750785
27 63 1165.22561365003
27 67 1198.77257059266
27 68 623.278729459662
27 70 312.877028069844
27 77 894.267346805702
27 79 1038.63501700533
27 80 687.524061845399
27 82 409.009262435814
27 84 612.565880369001
28 5 1302.4686974081
28 9 1218.30911281489
28 11 1292.41288607427
28 14 1319.89967718021
28 26 907.073436146055
28 29 402.467893670142
28 36 756.693541125953
28 39 581.39705332303
28 50 764.872594063668
28 60 367.05861037736
28 61 350.096487241005
28 66 1108.6300048216
28 72 299.416361043406
28 74 685.208019205937
28 81 101.765083469004
28 90 832.507493554647
28 100 958.02590207934
29 2 1037.33489511146
29 3 1294.30277940073
29 5 1263.84881394842
29 6 1087.12275597358
29 9 822.572578983697
29 11 1001.71735339486
29 26 745.004597634567
29 28 402.467893670142
29 36 359.663631622676
29 39 906.799925558432
29 40 1292.44641128145
29 44 1011.21558226076
29 47 1127.59862378310
29 50 421.536340505003
29 60 217.366867005380
29 61 283.643383634579
29 66 774.783030513701
29 72 423.737434318926
29 74 335.141796798351
29 80 1025.36136379969
29 81 462.350228716855
29 90 905.40050774916
29 100 654.442163637122
30 1 1025.37403820692
30 7 589.167168792076
30 8 1074.95047780480
30 15 1193.51411399056
30 18 1042.21588247411
30 19 932.719471181657
30 25 1008.09090948089
30 43 1250.23118026863
30 51 437.804930659879
30 52 1264.36483464813
30 55 576.609768677659
30 59 640.091571048626
30 62 890.568498984216
30 64 356.237780771250
30 65 1192.43794436165
30 67 1304.43802592337
30 75 225.521698625871
30 78 846.53690777741
30 83 1081.00542461812
30 89 536.894024429631
30 91 1250.42539260574
30 93 771.950220206486
31 13 800.096725567056
31 17 785.482989257455
31 20 1195.67916300388
31 21 1000.43536786031
31 22 728.126114164489
31 35 1284.07073623105
31 37 1195.73425250729
31 42 876.073951354302
31 46 1178.15869440659
31 47 1291.81014221844
31 49 975.625247128231
31 54 448.443157819500
31 56 236.986666362832
31 57 1259.21303984756
31 76 762.749644811739
31 85 1196.96612082268
31 87 520.131152381901
31 96 550.651152482133
31 97 851.91805207407
31 99 675.68336348441
32 13 1096.83129121545
32 17 1082.89136934036
32 18 1227.65490009175
32 20 585.863908895722
32 21 454.748330448588
32 22 991.20979921483
32 25 558.762668712451
32 35 1049.01401656362
32 37 995.88940860719
32 38 129.478211878712
32 43 1094.33733898952
32 45 1007.52396505558
32 46 1146.4798576087
32 48 1089.94458907462
32 49 1203.30668652385
32 51 1144.28838484401
32 57 1113.16707486903
32 59 994.680507463849
32 62 1099.85505878355
32 63 741.047377765616
32 67 732.300794279917
32 69 1180.93314255445
32 71 813.56516954244
32 73 1237.93744372879
32 75 1311.05666469691
32 76 1298.97432277562
32 77 926.360410672506
32 78 978.049771590122
32 83 604.546768567092
32 85 1160.67538647329
32 87 933.64182468291
32 88 221.189512940906
32 89 1228.85378066711
32 91 478.414551824122
32 94 1072.90926989317
32 95 980.785467706538
32 97 713.904037282498
32 98 1200.74012688968
32 99 1225.15851050979
33 1 889.694236573297
33 7 1318.59259682386
33 8 320.202699651144
33 10 962.70853110026
33 12 1063.84748300374
33 15 323.798493580709
33 18 552.29985482185
33 19 522.955445357334
33 25 1303.60179647085
33 27 1089.35863045479
33 43 681.980201977135
33 45 802.29204929918
33 52 350.632305543835
33 55 779.299991830261
33 59 1046.73608256659
33 63 1056.74283299324
33 65 323.94930908832
33 67 1050.11220374694
33 68 913.978600384362
33 75 1236.77500580331
33 77 1090.09878692613
33 79 80.7808005582483
33 82 1074.53770969470
33 84 1066.29444320406
33 89 914.30640868002
33 93 756.693455128674
34 2 740.468915468225
34 3 689.962518481377
34 4 931.880692027107
34 6 715.534925853395
34 9 761.498138366049
34 12 1128.11617424360
34 15 1229.72216410922
34 18 1240.28082487398
34 27 599.457844371562
34 36 1220.55967041140
34 41 353.458629844657
34 43 988.515326543506
34 44 585.651608415019
34 45 875.42074166076
34 46 707.521605507773
34 48 505.871760474956
34 52 1146.23145128085
34 57 621.924366612572
34 63 910.770507136029
34 66 1213.73911628690
34 67 953.986333761548
34 68 1211.69118285732
34 70 433.851698808872
34 74 1319.91088301975
34 76 1163.77743643927
34 77 588.72368707419
34 80 868.987922216993
34 82 318.616252833653
34 84 1211.98827084451
34 88 1192.92941029860
35 13 487.694273140716
35 17 500.060128420077
35 20 471.617829336024
35 21 870.950077619565
35 22 566.653815100499
35 23 295.696592190968
35 24 662.425505029348
35 31 1284.07073623105
35 32 1049.01401656362
35 37 96.3752042399612
35 38 1156.24849223823
35 49 370.304436620773
35 69 722.98206974593
35 71 612.105448726043
35 73 1063.47076238659
35 83 1100.13705830829
35 85 160.199557046003
35 87 1010.90389878329
35 88 1155.09459295306
35 91 955.116879884699
35 94 255.226856247428
35 95 507.61390544169
35 97 624.11119303488
35 98 964.840443322598
35 99 639.515442589548
36 2 743.667501799456
36 3 964.02671095997
36 4 1114.36772814813
36 5 1247.90422690060
36 6 751.495729696454
36 9 462.995412084889
36 11 907.197964468325
36 26 681.786073752554
36 28 756.693541125953
36 29 359.663631622676
36 34 1220.55967041140
36 39 1258.61763758047
36 41 1001.36786407391
36 44 665.14884169628
36 47 1027.58918839728
36 50 378.100203207904
36 60 524.030235720459
36 61 521.881997223517
36 66 640.132590242459
36 70 1051.77497163102
36 72 758.93247568825
36 74 180.538391867342
36 80 715.929875768514
36 81 803.281158292132
36 90 1156.73522852398
36 100 598.896741227324
37 13 405.447336123967
37 17 415.743026748467
37 20 410.87167333148
37 21 787.886001481111
37 22 473.855078898156
37 23 356.774143772610
37 24 758.703034827957
37 31 1195.73425250729
37 32 995.88940860719
37 35 96.3752042399612
37 38 1108.40496211534
37 49 319.420425666537
37 69 795.27845540344
37 71 644.36041597332
37 73 1123.75074410509
37 83 1099.74179257004
37 85 167.072027581417
37 87 914.528698888465
37 88 1087.92975621430
37 91 946.026931077535
37 94 337.208099599744
37 95 565.668291719335
37 97 530.462640337894
37 98 1026.97404839603
37 99 564.012549148836
38 13 1224.71268435856
38 15 1317.33000270718
38 17 1211.07016440235
38 18 1102.55094482397
38 20 701.511107471735
38 21 578.608318068401
38 22 1120.46882740612
38 25 431.757237034356
38 32 129.478211878712
38 35 1156.24849223823
38 37 1108.40496211534
38 43 979.02451817113
38 45 899.80546610825
38 46 1181.92481090771
38 48 1100.52878254510
38 51 1048.14791077779
38 52 1299.46640272329
38 57 1138.72299811799
38 59 868.466902913636
38 62 1053.14598073159
38 63 637.117701559005
38 67 623.747109956146
38 69 1223.46410364538
38 71 862.517760043529
38 73 1241.56521548368
38 75 1195.79477930101
38 77 852.679652393893
38 78 922.647305365088
38 83 562.722668992139
38 85 1274.48194709577
38 87 1051.92578394549
38 88 279.167701217894
38 89 1101.64811832409
38 91 469.520051230014
38 94 1160.45378977969
38 95 1042.02516091999
38 97 843.380901568447
38 98 1214.64890924212
39 16 1222.08693089017
39 28 581.39705332303
39 29 906.799925558432
39 36 1258.61763758047
39 40 1207.56846315091
39 50 1113.87498818994
39 60 744.695838083339
39 61 931.246413577812
39 72 508.104350540972
39 74 1232.62301743189
39 81 617.140307447584
39 90 601.191290485298
39 92 1321.29631146517
39 100 1210.37067549974
40 11 764.94073332367
40 16 206.823497591065
40 29 1292.44641128145
40 39 1207.56846315091
40 42 845.828730191376
40 47 761.150418543654
40 50 1030.93288163097
40 58 518.264711367489
40 60 1103.87557986081
40 66 936.215945417885
40 72 1067.33902449259
40 90 608.772864712874
40 92 606.981261858291
40 100 854.507203966804
41 2 396.972639237052
41 3 814.182967952936
41 4 1084.12951268507
41 6 739.885402913302
41 9 590.041782231019
41 11 995.10529013384
41 27 878.65178589744
41 34 353.458629844657
41 36 1001.36786407391
41 43 1307.31144631830
41 44 338.316829011391
41 45 1182.61109538906
41 46 497.765929790766
41 47 1019.86814248624
41 48 396.142728396590
41 50 1057.04486078095
41 54 1224.65668329283
41 57 447.268709152446
41 63 1161.31404626946
41 66 874.961064867573
41 67 1205.03243290167
41 70 616.153611986329
41 74 1135.33546879189
41 76 901.905818533312
41 77 857.043000475274
41 80 882.148091274314
41 82 670.717023857734
41 88 1255.78124869812
41 96 1121.85492290068
41 100 1028.02667278887
42 11 961.110426950589
42 16 914.712407449418
42 31 876.073951354302
42 40 845.828730191376
42 47 849.480758168836
42 54 805.444919947583
42 56 651.219000535668
42 58 480.950604174223
42 66 1231.26736937903
42 76 979.880020471191
42 87 1293.41023844701
42 92 1160.01337646266
42 96 842.235640859873
42 100 1274.73581232958
43 8 764.224153149617
43 12 1314.03046813942
43 15 373.377840257368
43 18 262.308731469907
43 19 900.277364990079
43 25 713.931859316527
43 27 1028.36784985653
43 30 1250.23118026863
43 32 1094.33733898952
43 33 681.980201977135
43 34 988.515326543506
43 38 979.02451817113
43 41 1307.31144631830
43 45 141.011423870678
43 48 1177.16220482547
43 51 1198.62294788300
43 52 331.442004986067
43 55 801.374641043537
43 57 1297.70953554510
43 59 672.13379637893
43 63 374.82075296536
43 65 891.673157196295
43 67 369.22393555055
43 68 1246.26808510165
43 70 1188.44701429031
43 75 1047.39142862894
43 77 486.842287380022
43 79 721.395243219883
43 82 757.690391477345
43 83 1253.68286081582
43 88 1065.47429121695
43 89 714.396855171788
43 91 1292.59840741814
43 93 1059.42307463799
44 2 289.503712189465
44 3 698.141539378763
44 4 958.696615972617
44 6 545.657728296398
44 9 265.285608371050
44 11 873.967646616633
44 26 1127.83869497171
44 27 915.875960001419
44 29 1011.21558226076
44 34 585.651608415019
44 36 665.14884169628
44 41 338.316829011391
44 46 768.753376759954
44 47 938.818210256288
44 48 722.777920835678
44 50 768.491277787666
44 57 745.455725420856
44 60 1123.43923300724
44 61 1180.91994463064
44 66 677.101311600832
44 70 604.941183178516
44 74 797.155101637592
44 76 1080.95809854048
44 77 1157.69565729788
44 80 655.615056647148
44 82 857.524281747413
44 96 1291.88101413499
44 100 797.720405488173
45 8 903.602993313317
45 12 1324.82874129161
45 15 506.041517021099
45 18 399.773412084684
45 19 1041.26411362134
45 25 693.524945212002
45 27 986.626315367182
45 32 1007.52396505558
45 33 802.29204929918
45 34 875.42074166076
45 38 899.80546610825
45 41 1182.61109538906
45 43 141.011423870678
45 46 1249.49994234012
45 48 1038.01682830727
45 51 1252.46971685829
45 52 453.830164206815
45 55 927.498195802054
45 57 1157.64355646074
45 59 738.303675681171
45 63 267.994644598071
45 65 1027.92415030622
45 67 276.074593570554
45 68 1276.54031932454
45 70 1113.22619712906
45 75 1134.47355205738
45 77 347.961449256612
45 79 834.076532850501
45 82 673.333087518
45 83 1232.67777586446
45 88 957.035136012878
45 89 815.930744365599
45 91 1252.36958442797
45 93 1197.99935141796
46 2 621.14466045133
46 3 1305.95811704046
46 6 1237.02371041214
46 9 1033.56731739726
46 11 972.171440032895
46 21 981.703248259482
46 27 1305.13250555123
46 31 1178.15869440659
46 32 1146.4798576087
46 34 707.521605507773
46 38 1181.92481090771
46 41 497.765929790766
46 44 768.753376759954
46 45 1249.49994234012
46 47 932.799130169805
46 48 228.122634879855
46 50 1287.59307108033
46 54 770.643819685078
46 56 1247.53940777344
46 57 96.651399912272
46 63 1118.31584863101
46 66 990.384454288147
46 67 1156.58971130544
46 70 1087.49562523207
46 76 462.796979824515
46 77 904.369727721862
46 82 988.217365664365
46 87 916.941451980785
46 88 925.301806018666
46 96 673.850881157967
46 97 1205.53113507111
46 100 1162.91037602166
47 2 665.478572504662
47 9 1059.9247310192
47 11 126.021486795997
47 16 963.775896894236
47 29 1127.59862378310
47 31 1291.81014221844
47 36 1027.58918839728
47 40 761.150418543654
47 41 1019.86814248624
47 42 849.480758168836
47 44 938.818210256288
47 46 932.799130169805
47 48 1109.34227576724
47 50 712.11601048676
47 54 904.699330915769
47 56 1179.08974793818
47 57 1007.83527888950
47 58 955.037194511761
47 60 1049.37520754456
47 66 387.641726672221
47 72 1175.73677751884
47 74 1202.49887296996
47 76 760.412446878115
47 90 1052.68175762966
47 96 838.437065097148
47 100 473.157495690282
48 2 664.569924935707
48 3 1152.43170064211
48 6 1115.31691797529
48 9 982.755913600595
48 11 1130.16638066897
48 21 1020.87316763638
48 25 1315.27294264039
48 27 1104.59431251015
48 32 1089.94458907462
48 34 505.871760474956
48 38 1100.52878254510
48 41 396.142728396590
48 43 1177.16220482547
48 44 722.777920835678
48 45 1038.01682830727
48 46 228.122634879855
48 47 1109.34227576724
48 54 987.776767060855
48 57 131.641484881447
48 63 931.365942792723
48 66 1100.38786641314
48 67 972.06813032534
48 70 915.545973628802
48 76 688.163297650754
48 77 690.335382742928
48 80 1263.5527429953
48 82 767.405329743036
48 87 1058.56025168403
48 88 873.787161352672
48 96 894.235529267357
48 97 1286.34186465803
48 100 1270.34505735578
49 13 207.230734700173
49 17 229.036916959237
49 20 637.461482839614
49 21 886.634916828515
49 22 352.039393348496
49 23 390.623888980713
49 24 947.79111891386
49 31 975.625247128231
49 32 1203.30668652385
49 35 370.304436620773
49 37 319.420425666537
49 54 1294.47321484937
49 56 1188.50058578515
49 69 1091.04377586071
49 71 963.734751862487
49 85 235.541840610152
49 87 831.670753129372
49 88 1245.94605384460
49 91 1238.26598623223
49 94 620.650823518462
49 95 876.893507726957
49 97 569.366470158694
49 99 300.800316493435
50 2 694.163134046363
50 3 1268.02317505706
50 6 1055.44479580608
50 9 684.450620191233
50 11 586.191392572948
50 16 1212.79983065722
50 26 1037.25225133496
50 28 764.872594063668
50 29 421.536340505003
50 36 378.100203207904
50 39 1113.87498818994
50 40 1030.93288163097
50 41 1057.04486078095
50 44 768.491277787666
50 46 1287.59307108033
50 47 712.11601048676
50 57 1317.41009172551
50 60 408.335339121336
50 61 699.538010402948
50 66 353.924268473647
50 70 1297.36557913916
50 72 617.223609338297
50 74 525.183808121589
50 80 1054.41506722327
50 81 848.188954703746
50 90 852.970108884918
50 100 243.588356173162
51 7 1026.84417996810
51 8 1298.41139325426
51 15 1276.72712408482
51 18 1067.59464517897
51 19 1210.61659181075
51 25 715.87363764235
51 30 437.804930659879
51 32 1144.28838484401
51 38 1048.14791077779
51 43 1198.62294788300
51 45 1252.46971685829
51 55 799.228795067415
51 59 529.106741626096
51 62 497.687054495407
51 63 1166.63241714797
51 64 792.786767334388
51 67 1123.10772538679
51 69 1261.26269064422
51 71 1124.52977118198
51 73 975.892215709106
51 75 339.063143222682
51 78 421.804937837887
51 83 650.413780323772
51 89 605.351775391468
51 91 823.342275933234
51 93 1110.68867477415
51 95 1292.26210719368
51 98 1040.88461689461
52 1 1096.08077055703
52 8 487.643488392501
52 10 1120.45306755382
52 12 1145.51548902385
52 15 85.4233594503813
52 18 264.264884951798
52 19 663.306588739306
52 25 988.74974685108
52 27 997.644117114812
52 30 1264.36483464813
52 33 350.632305543835
52 34 1146.23145128085
52 38 1299.46640272329
52 43 331.442004986067
52 45 453.830164206815
52 55 720.031369677507
52 59 810.592891634292
52 63 706.128706818513
52 65 589.008624993824
52 67 700.131790703515
52 68 1039.25393994015
52 70 1230.92735235551
52 75 1098.04203744280
52 77 761.339131414886
52 79 392.096835655484
52 82 856.097096098789
52 84 1173.81217101941
52 89 749.462441313364
52 93 865.47160951488
53 3 840.88014269638
53 4 594.497637558163
53 5 656.86103870507
53 6 911.971814574098
53 9 1244.72700380835
53 10 888.346456293655
53 12 755.945360299983
53 14 915.29939388319
53 26 813.86768297042
53 27 1041.18046717364
53 68 907.495363949598
53 70 1090.08010815865
53 74 1230.49260483460
53 80 795.1983034659
53 84 752.657362695326
53 86 806.12077089143
54 2 1137.30295514999
54 11 1019.93992247008
54 13 1092.97586660493
54 17 1073.21768831673
54 20 1306.18265026205
54 21 968.217919867656
54 22 974.294618736553
54 31 448.443157819500
54 41 1224.65668329283
54 42 805.444919947583
54 46 770.643819685078
54 47 904.699330915769
54 48 987.776767060855
54 49 1294.47321484937
54 56 476.967368632532
54 57 860.523113163858
54 58 1255.26219459716
54 66 1216.91090350645
54 76 322.866363481306
54 87 545.064519049872
54 88 1196.21722021684
54 96 103.780186533784
54 97 968.78056026473
54 99 1016.75165013557
55 1 710.731911716384
55 7 707.372144174626
55 8 510.402113031556
55 15 641.216202828865
55 18 548.570569825703
55 19 413.634336115729
55 25 923.681731637239
55 30 576.609768677659
55 33 779.299991830261
55 43 801.374641043537
55 45 927.498195802054
55 51 799.228795067415
55 52 720.031369677507
55 59 497.873883530519
55 62 1292.98872206880
55 63 1031.92392983646
55 64 640.193075528322
55 65 645.605539699958
55 67 996.737868062942
55 75 477.796342774009
55 77 1269.14186411682
55 78 1195.09601566968
55 79 859.997293455963
55 83 1267.01887323073
55 89 262.932271034826
55 93 377.781809059260
56 11 1304.91105575648
56 13 1023.99049457379
56 17 1010.85534141436
56 21 1219.43652695165
56 22 961.376869799142
56 31 236.986666362832
56 42 651.219000535668
56 46 1247.53940777344
56 47 1179.08974793818
56 49 1188.50058578515
56 54 476.967368632532
56 58 1127.51118289516
56 76 795.431171731457
56 87 735.180917950235
56 96 576.339259292639
56 97 1087.56384551551
56 99 887.943559767022
57 2 634.257805636918
57 3 1241.45374780333
57 6 1185.43781318986
57 9 1010.43625729292
57 11 1039.10491769238
57 21 987.9163511112
57 27 1221.15738750785
57 31 1259.21303984756
57 32 1113.16707486903
57 34 621.924366612572
57 38 1138.72299811799
57 41 447.268709152446
57 43 1297.70953554510
57 44 745.455725420856
57 45 1157.64355646074
57 46 96.651399912272
57 47 1007.83527888950
57 48 131.641484881447
57 50 1317.41009172551
57 54 860.523113163858
57 63 1034.77830658657
57 66 1036.18348542434
57 67 1073.98823406015
57 70 1014.88888656076
57 76 557.246048882397
57 77 811.403474904315
57 82 895.392690492822
57 87 969.519970047604
57 88 892.693883128429
57 96 765.45695817177
57 97 1231.30360049234
57 100 1208.27921398468
58 11 1023.81162568647
58 16 495.188670093205
58 40 518.264711367489
58 42 480.950604174223
58 47 955.037194511761
58 54 1255.26219459716
58 56 1127.51118289516
58 66 1267.88764901683
58 90 1117.38107706412
58 92 680.157815772796
58 96 1272.97629303148
58 100 1244.25817321674
59 1 1208.46621386351
59 7 1079.74159611764
59 8 890.521490098885
59 15 769.957894798078
59 18 547.035704609003
59 19 873.798384037049
59 25 436.846251622699
59 30 640.091571048626
59 32 994.680507463849
59 33 1046.73608256659
59 38 868.466902913636
59 43 672.13379637893
59 45 738.303675681171
59 51 529.106741626096
59 52 810.592891634292
59 55 497.873883530519
59 62 941.989717441681
59 63 707.906934574603
59 64 914.954192453998
59 65 1047.41224794336
59 67 664.803776985375
59 75 416.074255137061
59 77 1013.32038959617
59 78 814.400797332944
59 79 1120.79944192832
59 83 793.7042764792
59 88 1104.22323650001
59 89 236.838201923191
59 91 911.57556516853
59 93 875.628512498664
60 2 1094.64226502469
60 6 1273.47420925312
60 9 971.153340985782
60 11 927.224505134115
60 16 1239.20803661715
60 26 956.743638095397
60 28 367.05861037736
60 29 217.366867005380
60 36 524.030235720459
60 39 744.695838083339
60 40 1103.87557986081
60 44 1123.43923300724
60 47 1049.37520754456
60 50 408.335339121336
60 61 441.854000758453
60 66 743.407313124963
60 72 237.568628847971
60 74 543.448442424036
60 80 1224.35897065839
60 81 459.956247383116
60 90 688.211036811115
60 100 590.967338369523
61 2 1259.54832961341
61 3 1313.62183841265
61 5 1022.90685025161
61 6 1124.99773283782
61 9 952.291677453523
61 11 1283.53078374919
61 14 1098.05057485972
61 26 566.330756253713
61 28 350.096487241005
61 29 283.643383634579
61 36 521.881997223517
61 39 931.246413577812
61 44 1180.91994463064
61 50 699.538010402948
61 60 441.854000758453
61 66 1049.298713609
61 72 552.261329836738
61 74 391.315472919595
61 80 1027.98553582830
61 81 341.421027520812
61 90 1093.51752055748
61 100 936.619710923875
62 20 1194.95448031667
62 24 1267.57343601729
62 25 909.595237276172
62 30 890.568498984216
62 32 1099.85505878355
62 38 1053.14598073159
62 51 497.687054495407
62 55 1292.98872206880
62 59 941.989717441681
62 64 1221.41639144935
62 69 784.891075545794
62 71 735.875405645431
62 73 478.353256245411
62 75 835.949325383531
62 78 145.988917313115
62 83 495.353948696191
62 88 1317.06924407788
62 89 1079.26085396459
62 91 641.138263361714
62 94 1146.91800063937
62 95 865.76202374409
62 98 547.419578512493
63 8 1117.62914114002
63 15 745.385289921908
63 18 581.397779422492
63 19 1227.98474095604
63 21 1078.31136767337
63 25 507.831726416626
63 27 1165.22561365003
63 32 741.047377765616
63 33 1056.74283299324
63 34 910.770507136029
63 38 637.117701559005
63 41 1161.31404626946
63 43 374.82075296536
63 45 267.994644598071
63 46 1118.31584863101
63 48 931.365942792723
63 51 1166.63241714797
63 52 706.128706818513
63 55 1031.92392983646
63 57 1034.77830658657
63 59 707.906934574603
63 65 1254.7151143519
63 67 43.8334186825032
63 70 1232.14879478697
63 75 1123.95588003817
63 77 322.52400746447
63 78 1271.16981769618
63 79 1094.34134919977
63 82 796.274313512593
63 83 1023.65003944050
63 88 692.179590171334
63 89 857.258160572171
63 91 1019.60560126720
64 1 790.789664133041
64 7 242.128528309492
64 8 1040.54056556433
64 15 1275.69873278807
64 18 1183.76539607800
64 19 855.020724973333
64 25 1324.16408376323
64 30 356.237780771250
64 51 792.786767334388
64 55 640.193075528322
64 59 914.954192453998
64 62 1221.41639144935
64 65 1118.20473399184
64 75 542.74586915023
64 78 1192.5563644441
64 89 739.716340521654
64 93 637.528146094074
65 1 567.049482169386
65 7 1043.08041704905
65 8 158.150824759236
65 10 1197.85210376194
65 15 523.241537658118
65 18 683.203414540946
65 19 265.653646583846
65 30 1192.43794436165
65 33 323.94930908832
65 43 891.673157196295
65 45 1027.92415030622
65 52 589.008624993824
65 55 645.605539699958
65 59 1047.41224794336
65 63 1254.7151143519
65 64 1118.20473399184
65 67 1238.35570504491
65 68 1172.13411398375
65 75 1123.03352286294
65 79 374.069449605321
65 89 857.081431861345
65 93 485.358406931353
66 2 478.066523427575
66 3 1319.59917559856
66 6 1123.63827665979
66 9 724.609927457002
66 11 270.159416713925
66 16 1140.01928155085
66 26 1321.35209212126
66 28 1108.6300048216
66 29 774.783030513701
66 34 1213.73911628690
66 36 640.132590242459
66 40 936.215945417885
66 41 874.961064867573
66 42 1231.26736937903
66 44 677.101311600832
66 46 990.384454288147
66 47 387.641726672221
66 48 1100.38786641314
66 50 353.924268473647
66 54 1216.91090350645
66 57 1036.18348542434
66 58 1267.88764901683
66 60 743.407313124963
66 61 1049.298713609
66 70 1276.25820790618
66 72 920.624029221319
66 74 816.062266701266
66 76 996.620972235597
66 80 1170.41030313466
66 81 1196.23974629254
66 90 985.097894338254
66 96 1133.48816281279
66 100 172.531087318374
67 8 1098.62151787230
67 15 734.768378452087
67 18 560.313312053277
67 19 1203.20924937244
67 20 1318.13554208678
67 21 1084.24456487485
67 25 469.491043097185
67 27 1198.77257059266
67 30 1304.43802592337
67 32 732.300794279917
67 33 1050.11220374694
67 34 953.986333761548
67 38 623.747109956146
67 41 1205.03243290167
67 43 369.22393555055
67 45 276.074593570554
67 46 1156.58971130544
67 48 972.06813032534
67 51 1123.10772538679
67 52 700.131790703515
67 55 996.737868062942
67 57 1073.98823406015
67 59 664.803776985375
67 63 43.8334186825032
67 65 1238.35570504491
67 70 1271.73375113471
67 75 1080.87741934016
67 77 365.460710187967
67 78 1232.02106720840
67 79 1090.61496341718
67 82 834.47772008243
67 83 990.893365117167
67 88 696.794522808002
67 89 817.336452195721
67 91 992.46117835129
67 93 1321.88860681566
68 3 849.264854131101
68 4 684.071397793928
68 6 1059.53637729104
68 8 1226.70802634677
68 10 120.380306681394
68 12 186.246701883485
68 15 1090.25030574532
68 18 1301.83504147146
68 27 623.278729459662
68 33 913.978600384362
68 34 1211.69118285732
68 43 1246.26808510165
68 45 1276.54031932454
68 52 1039.25393994015
68 53 907.495363949598
68 65 1172.13411398375
68 70 909.734601047566
68 79 835.913006685206
68 80 1075.77543672993
68 82 955.78861359956
68 84 155.527558768695
69 13 1199.96997673333
69 17 1208.94140426120
69 20 861.27123048271
69 21 1283.91294013306
69 22 1247.30780642102
69 23 832.852880249399
69 24 487.161094865119
69 32 1180.93314255445
69 35 722.98206974593
69 37 795.27845540344
69 38 1223.46410364538
69 49 1091.04377586071
69 51 1261.26269064422
69 62 784.891075545794
69 71 368.613728694620
69 73 369.109923913711
69 78 840.01844282009
69 83 823.771695750332
69 85 861.716248927587
69 91 790.258477716419
69 94 470.531517440368
69 95 256.916163040243
69 97 1186.76286276707
69 98 268.926578805588
70 2 874.2411669226
70 3 260.794608534096
70 4 499.632808448263
70 6 356.268734792321
70 9 614.85806219715
70 10 1016.97899093298
70 12 781.623642878023
70 15 1315.51188684674
70 26 1160.56429998564
70 27 312.877028069844
70 34 433.851698808872
70 36 1051.77497163102
70 41 616.153611986329
70 43 1188.44701429031
70 44 604.941183178516
70 45 1113.22619712906
70 46 1087.49562523207
70 48 915.545973628802
70 50 1297.36557913916
70 52 1230.92735235551
70 53 1090.08010815865
70 57 1014.88888656076
70 63 1232.14879478697
70 66 1276.25820790618
70 67 1271.73375113471
70 68 909.734601047566
70 74 1095.62025269433
70 77 921.496400264675
70 80 493.655248030672
70 82 441.919864572332
70 84 866.792711454928
71 13 1012.04289717279
71 17 1014.80325127270
71 20 547.459761396038
71 21 937.72539706738
71 22 1018.49250120279
71 23 839.489226352882
71 24 746.82428558175
71 25 1049.03194010148
71 32 813.56516954244
71 35 612.105448726043
71 37 644.36041597332
71 38 862.517760043529
71 49 963.734751862487
71 51 1124.52977118198
71 62 735.875405645431
71 69 368.613728694620
71 73 540.499201736784
71 78 723.27444183532
71 83 551.065446475479
